5
1
0.229703 0.524954 0.016159 0.079695 0.133330 
6
10
1.000000 1.000000 1.000000 1.000000 1.000000 -1.000000 
0.000000 -1.000000 0.000000 0.000000 0.000000 0.000000 
0.000000 0.000000 -1.000000 0.000000 0.000000 0.000000 
0.000000 0.000000 0.000000 -1.000000 0.000000 0.000000 
0.000000 0.000000 0.000000 0.000000 -1.000000 0.000000 
0.034795 -0.186079 -0.197611 0.961828 0.000539 0.000000 
-0.569365 0.067687 0.067816 -0.295001 0.761326 0.000000 
0.798666 -0.411676 -0.399706 0.168407 0.067297 0.000000 
0.809507 -0.281109 -0.227652 0.112346 -0.448586 0.000000 
-0.008873 0.208449 0.219020 -0.000021 -0.953153 0.000000 
